{
  "label": "full_gold@3",
  "answer_k": 3,
  "detector_auc": {
    "bm25": 0.6144,
    "minicoil": 0.6055
  },
  "chosen_detector": "bm25",
  "auc_calibration": {
    "dense_gap": 0.7625,
    "dense_variance": 0.7512,
    "confidence_gap": 0.7026,
    "score_variance": 0.7133,
    "max_score": 0.6744,
    "evidence_coverage": 0.5783,
    "retriever_divergence": 0.5495
  },
  "auc_validation": {
    "dense_gap": 0.771,
    "dense_variance": 0.78,
    "confidence_gap": 0.6469,
    "score_variance": 0.6785,
    "max_score": 0.6547,
    "evidence_coverage": 0.6033,
    "retriever_divergence": 0.6144
  },
  "auc_validation_by_type": {
    "single_hop": {
      "n": 100,
      "base_rate": 0.92,
      "auc": {
        "dense_gap": 0.9062,
        "dense_variance": 0.9062,
        "confidence_gap": 0.8648,
        "score_variance": 0.8356,
        "max_score": 0.8465,
        "evidence_coverage": 0.6658,
        "retriever_divergence": 0.6719
      }
    },
    "multi_hop": {
      "n": 50,
      "base_rate": 0.2,
      "auc": {
        "dense_gap": 0.665,
        "dense_variance": 0.65,
        "confidence_gap": 0.6462,
        "score_variance": 0.82,
        "max_score": 0.6838,
        "evidence_coverage": 0.425,
        "retriever_divergence": 0.6237
      }
    }
  },
  "correlations": {
    "labels": [
      "dense_gap",
      "dense_variance",
      "confidence_gap",
      "score_variance",
      "max_score",
      "evidence_coverage",
      "retriever_divergence"
    ],
    "matrix": [
      [
        1.0,
        0.986,
        0.48,
        0.479,
        0.465,
        0.239,
        -0.055
      ],
      [
        0.986,
        1.0,
        0.467,
        0.485,
        0.449,
        0.242,
        -0.082
      ],
      [
        0.48,
        0.467,
        1.0,
        0.942,
        0.993,
        0.092,
        -0.206
      ],
      [
        0.479,
        0.485,
        0.942,
        1.0,
        0.923,
        0.106,
        -0.304
      ],
      [
        0.465,
        0.449,
        0.993,
        0.923,
        1.0,
        0.075,
        -0.242
      ],
      [
        0.239,
        0.242,
        0.092,
        0.106,
        0.075,
        1.0,
        -0.048
      ],
      [
        -0.055,
        -0.082,
        -0.206,
        -0.304,
        -0.242,
        -0.048,
        1.0
      ]
    ]
  },
  "selection": {
    "weakness_signals": [
      "dense_variance",
      "score_variance"
    ],
    "dropped": [
      "evidence_coverage",
      "retriever_divergence",
      "dense_gap",
      "max_score",
      "confidence_gap"
    ],
    "reasons": {
      "evidence_coverage": "dropped: val AUC 0.6033 < 0.62",
      "retriever_divergence": "dropped: val AUC 0.6144 < 0.62",
      "dense_variance": "kept: val AUC 0.780",
      "dense_gap": "dropped: |corr| 0.99 with dense_variance (redundant; kept higher-AUC)",
      "score_variance": "kept: val AUC 0.678",
      "max_score": "dropped: |corr| 0.92 with score_variance (redundant; kept higher-AUC)",
      "confidence_gap": "dropped: |corr| 0.94 with score_variance (redundant; kept higher-AUC)"
    }
  },
  "base_rate_validation": {
    "all": 0.32
  }
}